0 0.604392 0.0314286 0.0824308 0.0628571 0.482771
0 0.919675 0.160952 0.00902527 0.0933333 0.642985
0 0.561974 0.166667 0.0108303 0.108571 0.665473
0 0.920878 0.412381 0.0162455 0.230476 0.761567
0 0.119434 0.740952 0.0138387 0.175238 0.795895
0 0.108604 0.244762 0.0499398 0.287619 0.808925
0 0.407641 0.740952 0.0150421 0.209524 0.813764
0 0.53219 0.74381 0.0126354 0.169524 0.828108
0 0.931709 0.686667 0.0246691 0.272381 0.847018
0 0.268652 0.295238 0.0234657 0.209524 0.899851
0 0.739771 0.235238 0.011432 0.139048 0.90652
0 0.71059 0.71619 0.0264741 0.32 0.917292
